  Problema               Obj. Funct              Feasibility          Bound Violation         #f         #h       #iit   pre-time   opt-time
  A0ENDNDL  -2.6070660704270851e-04   9.7388763720118732e-13   9.7493531089928911D-09         11         10         10      0.979      0.360
  A0ENINDL  -2.6070660704270851e-04   6.6169292267659330e-13   9.7493531089928911D-09         11         10         10      0.789      0.438
  A0ENSNDL  -2.0898027881890307e-04   1.8118839761882555e-13   9.7505999984914234D-09         52         46         46     21.646      1.856
  A0ESDNDL  -2.6070660704270851e-04   1.1102230246251565e-13   9.7493531089929176D-09         11         10         10      0.850      0.420
  A0ESINDL  -2.6070660704270845e-04   2.8421709430404007e-14   9.7493531089928911D-09         11         10         10      0.849      0.412
  A0ESSNDL  -2.0898039588950092e-04   2.8685942510264795e-11   9.7506003427577028D-09         52         46         46     21.839      1.899
  A0NNDNDL  -2.6070573901878049e-04   4.0811798385220754e-13   9.7493813166635279D-09         24         23         23      2.731      1.251
  A0NNDNIL  -2.4663442573894559e-04   3.1219471452459402e-13   9.7503730622735656D-09         98         97         97     21.940      5.842
  A0NNDNSL  -4.4482580094915007e-02   4.7592790819450670e-10   1.0000000715647923D-08        279        154        154     46.057      9.267
  A0NNSNSL  -2.3352412100698667e-04   5.2521893170947747e-13   9.9996979310568401D-09        118         56         56     65.429      3.472
  A0NSDSDL  -2.6070564381835032e-04   2.1227464230832993e-13   9.7493529580756015D-09         21         20         20      2.638      1.080
  A0NSDSDS  -1.1479895749052648e-05   5.6340175191849085e-08   9.9841689242919995D-09        151         61         60      0.385      0.084
  A0NSDSIL  -2.4669974521623520e-04   2.5268676040468563e-13   9.7503674888489181D-09        101        100        100     22.858      6.100
  A0NSDSSL  -4.3155912811156483e-01   5.3913924017393080e-09   9.9999992354046537D-09         41         36         36      7.671      2.117
  A0NSSSSL  -1.1731089720081822e-03   7.9844282659913850e-10   9.9998829120941822D-09        166         75         75     29.470      4.642
  A2ENDNDL  -2.1138298492170634e-04   8.6108897789927141e-13   9.9090716320933315D-09         20         19         19      1.427      0.803
  A2ENINDL  -2.1305229459850285e-04   8.6597395920762210e-14   9.9090716320933315D-09         20         19         19      1.423      0.799
  A2ENSNDL  -1.7099180100163384e-04   7.7093886829970870e-13   9.9090717284561324D-09         65         57         57     27.665      2.464
  A2ESDNDL  -2.1138298492170634e-04   6.4392935428259079e-14   9.9090716320933315D-09         20         19         19      1.463      0.853
  A2ESINDL  -2.1305229459850285e-04   2.4513724383723456e-13   9.9090716320933315D-09         20         19         19      1.928      0.738
  A2ESSNDL  -1.7338344581601146e-04   4.4349306449475989e-09   9.9090715455651787D-09         67         59         59     27.958      2.325
  A2NNDNDL  -2.1298909873308520e-04   6.0573768223548541e-13   9.9090714631933571D-09         33         32         32      4.819      1.853
  A2NNDNIL   2.0351528983855243e+02   3.0520417345463212e-06   9.9974940944037795D-09        134        128        127     47.718      7.221
  A2NNDNSL  -2.7763470918360917e-02   5.0802781028654868e-09   9.9999995021184824D-09         91         74         74     48.215      4.472
  A2NNSNSL                  1.0d+20                  1.0d+20                  1.0d+20 1000000000 1000000000 1000000000    1.0d+20    1.0d+20
  A2NSDSDL  -2.1220552770365527e-04   3.4096059309263183e-12   9.9090716723672137D-09         30         29         29      3.878      1.653
  A2NSDSIL   1.1668526184138028e+00   5.3665716374720309e-08   9.9999999969372614D-09        191        153        152     58.550      9.171
  A2NSDSSL  -2.1062935173207986e-01   9.9317570712714742e-09   9.9999998809174828D-09        736        155        155     74.535     13.111
  A2NSSSSL  -4.4555711982497678e-04   2.5084798948330055e-10   9.9991502490451902D-09        333        197        197     89.129     11.068
  A5ENDNDL  -1.2615295267700879e-04   9.9920072216264089e-14   9.9090716320933315D-09         20         19         19      1.436      0.824
  A5ENINDL  -1.2273867262413746e-04   7.0832228971084987e-13   9.9090298861548751D-09         20         19         19      1.474      0.849
  A5ENSNDL  -9.2789707610372622e-05   3.2245317527213047e-11   9.9089658301075961D-09         59         44         44     21.507      1.798
  A5ESDNDL  -1.2615295267700879e-04   2.5268676040468563e-13   9.9090716320933315D-09         20         19         19      1.437      0.788
  A5ESINDL  -1.2273867262413746e-04   1.5809575870662229e-13   9.9090298861548751D-09         20         19         19      1.699      0.782
  A5ESSNDL  -9.2788771039079189e-05   2.0388624122347210e-09   9.9089658301076722D-09         62         51         51     24.517      2.209
  A5NNDNDL  -1.2737170186771421e-04   2.6467716907063732e-13   9.9090721283843216D-09         42         41         41      6.304      2.422
  A5NNDNIL   5.5987641512277776e+01   3.1332369086088506e-06   9.9970178906430016D-09        532        288        287    123.610     16.868
  A5NNDNSL  -7.4510177454978987e-01   5.7318839640134205e-09   9.9999549571308675D-09         63         47         47     13.681      2.662
  A5NNSNSL  -3.4318436707625632e-02   6.2039225882092600e-10   9.9999986044266833D-09       1155        401        401    196.504     26.251
  A5NSDSDL  -1.2743912952734268e-04   9.8043795304647574e-13   9.9090716716353325D-09         29         28         28      3.305      1.598
  A5NSDSDM  -1.1479895749052648e-05   5.6340175191849085e-08   9.9841689242919995D-09        151         61         60      0.385      0.087
  A5NSDSIL   1.2690996620907433e+00   5.1008259238086994e-08   9.9999999932145417D-09        145        114        113     50.835      6.060
  A5NSDSSL  -1.7245267753842903e-02   1.1861961274339805e-09   9.9999985369286957D-09        102         67         67     27.845      3.799
  A5NSSNSM  -1.1479895749052648e-05   5.6340175191849085e-08   9.9841689242919995D-09        151         61         60      0.384      0.085
  A5NSSSSL  -7.2994796337000703e-04   5.3526076320366181e-09   9.9998032456215274D-09         37         36         36     48.992      2.014
   ARGLALE                  1.0d+20                  1.0d+20   0.0000000000000000D+00 1000000000 1000000000 1000000000    1.0d+20    1.0d+20
   ARGLBLE                  1.0d+20                  1.0d+20   0.0000000000000000D+00 1000000000 1000000000 1000000000    1.0d+20    1.0d+20
   ARGLCLE                  1.0d+20                  1.0d+20   0.0000000000000000D+00 1000000000 1000000000 1000000000    1.0d+20    1.0d+20
  AUG2DCQP   6.4981347356455894e+06   1.5099033134902129e-14   9.9996734040346482D-09         29         28         28      3.724      0.716
    AUG2DC   1.8183680655701952e+06   7.5495165674510645e-15   0.0000000000000000D+00          2          1          1      0.131      0.043
   AUG2DQP   6.2370120218561469e+06   1.5543122344752192e-14   9.9996665591214205D-09         31         30         30      3.891      0.787
     AUG2D   1.6874117528967503e+06   1.0658141036401503e-14   0.0000000000000000D+00          3          2          2      0.437      0.041
  AUG3DCQP   6.1560383365739224e+04   4.4408920985006262e-15   9.9823727806649139D-09         25         24         24     10.583      0.861
    AUG3DC   2.7654071087654080e+04   2.2204460492503131e-15   0.0000000000000000D+00          2          1          1      0.561      0.039
   AUG3DQP   5.4228996128345490e+04   3.5527136788005009e-15   9.9810589192245666D-09         25         24         24     10.908      0.699
     AUG3D   2.4561485969889774e+04   1.8873791418627661e-15   0.0000000000000000D+00          3          2          2     14.401      0.052
    AVION2   9.4680127146164224e+07   6.8212102632969618e-13   4.9999965767710819D-06        230        199        199      0.356      0.037
     BDRY2                  1.0d+20                  1.0d+20                  1.0d+20 1000000000 1000000000 1000000000    1.0d+20    1.0d+20
   BIGBANK  -4.2056932995377183e+06   1.4551915228366852e-11   0.0000000000000000D+00         28         27         27      0.308      0.066
   BLOWEYA  -2.2781232628774711e-02   3.9496184101039944e-13   0.0000000000000000D+00         10          9          9      0.254      0.046
   BLOWEYB  -1.5226135328994724e-02   1.9317880628477724e-14   0.0000000000000000D+00          9          8          8      0.215      0.049
   BLOWEYC  -1.5245844658717998e-02   1.1961473478372397e-12   0.0000000000000000D+00         10          9          9      0.231      0.039
     BOOTH   0.0000000000000000e+00   0.0000000000000000e+00   0.0000000000000000D+00          2          1          1      0.004      0.000
       BT3   4.0930232558139528e+00   3.5527136788005009e-15   0.0000000000000000D+00          2          1          1      0.006      0.000
      BTS4                  1.0d+20                  1.0d+20                  1.0d+20 1000000000 1000000000 1000000000    1.0d+20    1.0d+20
       CBS   8.3761042169120366e+04   1.9554136088117957e-11   8.5941468341843574D-07         28         27         27      2.407      0.200
  CONT5-QP   6.3626571430769989e-03   1.8189894035458565e-11   0.0000000000000000D+00         57         56         56    175.599      3.258
    CVXQP1   1.0870479944971779e+08   1.7763568394002505e-15   9.9877116160884682D-09         21         20         20     96.949      0.375
    CVXQP2   8.1842457785840973e+07   1.7763568394002505e-15   9.9666791764096985D-09         24         23         23     25.071      0.385
    CVXQP3   1.1571110416129668e+08   7.1098682496995025e-13   9.9792060587189368D-09         19         18         18    256.780      0.396
      DALE   3.7023445539939607e+03   3.4048319719204301e-12   9.1790892664533885D-09         16         15         15      2.480      0.188
   DALLASL  -2.0260412670799435e+05   4.9999998745282412e-09   1.3332052901660063D-06         26         25         25      0.260      0.156
   DALLASM  -4.8198188226976134e+04   7.1054273576010019e-15   2.0754005802814390D-07         27         24         24      0.104      0.045
   DALLASS  -3.2393224297020071e+04   7.1054273576010019e-15   0.0000000000000000D+00         29         28         28      0.051      0.010
  DEGENLPA   3.0548809065168396e+00   7.4809949901499806e-17   9.9999925274610822D-09         30         24         24      0.028      0.002
  DEGENLPB  -3.0763994848912887e+01   5.1070259132757201e-15   9.9994161341278948D-09         41         27         27      0.040      0.003
  DEGTRIDL   5.0000001786975190e-01   8.3659412730696658e-11   0.0000000000000000D+00         16         14         14      5.368      1.926
    DTOC1L   3.9430435455080457e+00   9.7144514654701197e-17   0.0000000000000000D+00         10          9          9      0.096      0.024
     DTOC3   2.3521636791725118e+02   1.7622622111579389e-15   0.0000000000000000D+00          2          1          1      0.047      0.006
     DUAL1   3.5012985957746302e-02   5.7449043500567459e-17   0.0000000000000000D+00         17         16         16      0.042      0.034
     DUAL2   3.3733680487010878e-02   1.3010426069826053e-16   0.0000000000000000D+00         14         13         13      0.057      0.054
     DUAL3   1.3575584268668259e-01   1.0371477981996335e-15   0.0000000000000000D+00         15         14         14      0.056      0.060
     DUAL4   7.4609065156580134e-01   1.0473392986209973e-16   3.0384818439620454D-09         14         13         13      0.047      0.034
  EXTRASIM   9.9999999250590355e-01   0.0000000000000000e+00   7.4940964063749669D-09          6          5          5      0.000      0.000
      FCCU   1.1149109141484495e+01   3.5527136788005009e-15   0.0000000000000000D+00          9          8          8      0.017      0.001
  FERRISDC  -2.2983085002228876e-04   8.8928864272475039e-14   0.0000000000000000D+00         19         18         18      7.647      2.752
   FIVE20B                  1.0d+20                  1.0d+20   9.9000000000000000D+01 1000000000 1000000000 1000000000    1.0d+20    1.0d+20
   FIVE20C                  1.0d+20                  1.0d+20   9.9000000000000000D+01 1000000000 1000000000 1000000000    1.0d+20    1.0d+20
   GENHS28   9.2717369376639147e-01   4.4408920985006262e-16   0.0000000000000000D+00          2          1          1      0.003      0.000
  GOULDQP1  -3.4853333751882869e+03   3.5527136788005009e-15   4.2265231314786433D-07         18         17         17      0.000      0.000
  GOULDQP2   1.6561260777790456e-12   4.4408920985006262e-16   0.0000000000000000D+00          3          2          2      0.332      0.049
  GOULDQP3   3.2755986785609883e-05   4.4408920985006262e-16   0.0000000000000000D+00          6          5          5      0.966      0.168
  GRIDNETA   4.7797954645308306e+02   8.8817841970012523e-16   4.9950499736439724D-08         21         20         20      0.209      0.032
  GRIDNETB   1.2761469458742729e+02   4.4408920985006262e-16   0.0000000000000000D+00          2          1          1      0.105      0.011
  GRIDNETC   1.6187028280011003e+02   4.7184478546569153e-15   9.9634175909635303D-09         28         27         27      0.342      0.034
  GRIDNETD   5.7071189889615789e+02   8.8817841970012523e-16   4.9982551431071442D-08         22         21         21      0.188      0.044
  GRIDNETE   2.0648050916152152e+02   1.2212453270876722e-15   0.0000000000000000D+00          4          3          3      0.126      0.008
  GRIDNETF   2.4354231395313508e+02   1.2351231148954867e-15   9.9651063234507120D-09         28         27         27      1.068      0.086
  GRIDNETG   6.1578419998297090e+02   1.7763568394002505e-15   4.9982872951659374D-08         19         18         18      0.171      0.047
  GRIDNETH   2.0648050916155753e+02   8.8817841970012523e-16   0.0000000000000000D+00          6          5          5      0.180      0.011
  GRIDNETI   2.4354231396634231e+02   8.8817841970012523e-16   9.9651063234507120D-09         28         27         27      0.538      0.047
    HAGER1   8.8079708077771035e-01   8.2889251018514187e-13   0.0000000000000000D+00          2          1          1      0.045      0.007
    HAGER2   4.3208225680473722e-01   8.9195317798385076e-13   0.0000000000000000D+00          2          1          1      0.081      0.011
    HAGER3   1.4096125277754060e-01   8.5653706349830827e-13   0.0000000000000000D+00          2          1          1      0.082      0.017
    HAGER4   2.7940851989871529e+00   3.8817837832993973e-12   0.0000000000000000D+00         12         11         11      0.179      0.046
  HIE1327D                  1.0d+20                  1.0d+20   9.7000000000000000D+01 1000000000 1000000000 1000000000    1.0d+20    1.0d+20
  HIE1372D   2.7798711010581098e+02   3.3007264458831756e-12   9.6711247010716761D-07         22         21         21      0.707      0.020
  HIER133A                  1.0d+20                  1.0d+20   9.7000000000000000D+01 1000000000 1000000000 1000000000    1.0d+20    1.0d+20
  HIER133B                  1.0d+20                  1.0d+20   9.7000000000000000D+01 1000000000 1000000000 1000000000    1.0d+20    1.0d+20
  HIER133C                  1.0d+20                  1.0d+20   9.7000000000000000D+01 1000000000 1000000000 1000000000    1.0d+20    1.0d+20
  HIER133D                  1.0d+20                  1.0d+20   1.9400000000000000D+02 1000000000 1000000000 1000000000    1.0d+20    1.0d+20
  HIER133E                  1.0d+20                  1.0d+20   1.9400000000000000D+02 1000000000 1000000000 1000000000    1.0d+20    1.0d+20
    HIER13                  1.0d+20                  1.0d+20   9.7000000000000000D+01 1000000000 1000000000 1000000000    1.0d+20    1.0d+20
  HIER163A                  1.0d+20                  1.0d+20   9.9000000000000000D+01 1000000000 1000000000 1000000000    1.0d+20    1.0d+20
  HIER163B                  1.0d+20                  1.0d+20   9.9000000000000000D+01 1000000000 1000000000 1000000000    1.0d+20    1.0d+20
  HIER163C                  1.0d+20                  1.0d+20   9.9000000000000000D+01 1000000000 1000000000 1000000000    1.0d+20    1.0d+20
  HIER163D                  1.0d+20                  1.0d+20   1.9800000000000000D+02 1000000000 1000000000 1000000000    1.0d+20    1.0d+20
  HIER163E                  1.0d+20                  1.0d+20   1.9800000000000000D+02 1000000000 1000000000 1000000000    1.0d+20    1.0d+20
    HIER16                  1.0d+20                  1.0d+20   9.9000000000000000D+01 1000000000 1000000000 1000000000    1.0d+20    1.0d+20
  HIMMELBA   0.0000000000000000e+00   0.0000000000000000e+00   0.0000000000000000D+00          2          1          1      0.000      0.000
  HIMMELBJ  -1.9045329166107729e+03   2.3119743040258628e-08   9.9999803586639771D-13        517         83         82      0.254      0.116
      HONG   2.2571087363489060e+01   0.0000000000000000e+00   0.0000000000000000D+00          9          8          8      0.015      0.001
     HS112  -4.7761090859365858e+01   5.5511151231257827e-17   0.0000000000000000D+00         18         17         17      0.005      0.000
     HS119   2.4489969626160189e+02   5.5511151231257827e-16   8.2338862517173234D-09         15         14         14      0.017      0.003
      HS28   6.5327543713615040e-31   4.4408920985006262e-16   0.0000000000000000D+00          2          1          1      0.005      0.000
      HS41   1.9259259261476060e+00   0.0000000000000000e+00   0.0000000000000000D+00         11          9          9      0.013      0.001
      HS48   1.9721522630525295e-31   4.4408920985006262e-16   0.0000000000000000D+00          2          1          1      0.004      0.000
      HS49   1.0599961236609674e-11   4.4408920985006262e-16   0.0000000000000000D+00         20         19         19      0.008      0.000
      HS50   0.0000000000000000e+00   0.0000000000000000e+00   0.0000000000000000D+00         10          9          9      0.015      0.001
      HS51   0.0000000000000000e+00   0.0000000000000000e+00   0.0000000000000000D+00          2          1          1      0.006      0.000
      HS52   5.3266475644699147e+00   2.2204460492503131e-16   0.0000000000000000D+00          2          1          1      0.003      0.000
      HS53   4.0930232558139528e+00   1.1102230246251565e-16   0.0000000000000000D+00          7          6          6      0.021      0.001
      HS54  -9.0807475748577948e-01   9.0949470177292824e-13   0.0000000000000000D+00         16         15         15      0.030      0.002
      HS55   6.7148887717110739e+00   2.7709786132312786e-09   0.0000000000000000D+00          4          3          3      0.010      0.001
      HS62  -2.6272514647971588e+04   3.4694469519536142e-17   0.0000000000000000D+00         10          7          7      0.006      0.000
       HS9  -4.9999999999999284e-01   0.0000000000000000e+00   0.0000000000000000D+00          6          3          3      0.005      0.000
  HUES-MOD   3.4824489819737025e+07   7.2368294786207651e-12   9.5578424235450721D-09         31         29         29      0.235      0.046
   HUESTIS   1.7412244909868002e+11   4.1412835691798231e-13   9.9999115684847100D-09         28         27         27      0.306      0.042
  JJTABEL3   5.2452322901604652e+07   1.8626451492309570e-09   2.1902199368923903D-02         54         53         53      0.484      0.046
   LINCONT   1.0528501431595575e-06   1.3425515661081079e+02   9.9995228185574185D-09        135        124        123      0.516      0.074
       LIN   7.3140869990425683e-03   5.5511151231257827e-17   0.0000000000000000D+00          8          7          7      0.011      0.001
  LINSPANH  -7.7000045473393612e+01   4.4053649617126212e-13   2.1549205030169105D-05         13         12         12      0.015      0.001
   LOTSCHD   2.3984158374896178e+03   2.6613165339008094e-14   9.9487316417851336D-09         15         14         14      0.024      0.002
  LSNNODOC   1.2311244799798465e+02   3.6660452451542369e-11   1.6473046926535062D-08         15         11         11      0.024      0.002
      NASH   4.9700933090434361e-05   3.3745576229788298e+01   9.9794541821007004D-09         78         34         33      0.107      0.006
   NCVXQP1                  1.0d+20                  1.0d+20                  1.0d+20 1000000000 1000000000 1000000000    1.0d+20    1.0d+20
   NCVXQP2                  1.0d+20                  1.0d+20                  1.0d+20 1000000000 1000000000 1000000000    1.0d+20    1.0d+20
   NCVXQP3                  1.0d+20                  1.0d+20                  1.0d+20 1000000000 1000000000 1000000000    1.0d+20    1.0d+20
   NCVXQP4  -9.3843196895686264e+09   1.7763568394002505e-15   9.9998546332358274D-08        286        279        279    293.091      4.566
   NCVXQP5                  1.0d+20                  1.0d+20                  1.0d+20 1000000000 1000000000 1000000000    1.0d+20    1.0d+20
   NCVXQP6                  1.0d+20                  1.0d+20                  1.0d+20 1000000000 1000000000 1000000000    1.0d+20    1.0d+20
   NCVXQP7                  1.0d+20                  1.0d+20                  1.0d+20 1000000000 1000000000 1000000000    1.0d+20    1.0d+20
   NCVXQP8                  1.0d+20                  1.0d+20                  1.0d+20 1000000000 1000000000 1000000000    1.0d+20    1.0d+20
   NCVXQP9                  1.0d+20                  1.0d+20                  1.0d+20 1000000000 1000000000 1000000000    1.0d+20    1.0d+20
    NINE12                  1.0d+20                  1.0d+20   9.9000000000000000D+01 1000000000 1000000000 1000000000    1.0d+20    1.0d+20
    NINE5D                  1.0d+20                  1.0d+20   9.9000000000000000D+01 1000000000 1000000000 1000000000    1.0d+20    1.0d+20
   NINENEW                  1.0d+20                  1.0d+20   9.9000000000000000D+01 1000000000 1000000000 1000000000    1.0d+20    1.0d+20
    ODFITS  -2.3800267754030824e+03   2.8421709430404007e-14   0.0000000000000000D+00         11         10         10      0.015      0.001
    OSORIO   2.0419696471328219e+00   5.4817261840867104e-16   9.5471008876302221D-09         19         18         18      1.240      0.113
   PORTFL1   2.0486289553529470e-02   5.5511151231257827e-17   0.0000000000000000D+00         10          9          9      0.012      0.003
   PORTFL2   2.9689264840891121e-02   0.0000000000000000e+00   0.0000000000000000D+00          9          8          8      0.011      0.002
   PORTFL3   3.2749714358100437e-02   8.3266726846886741e-17   0.0000000000000000D+00         11         10         10      0.016      0.005
   PORTFL4   2.6306956062028559e-02   2.7755575615628914e-17   0.0000000000000000D+00         10          9          9      0.010      0.003
   PORTFL6   2.5791814065240053e-02   1.3877787807814457e-16   0.0000000000000000D+00          9          8          8      0.010      0.003
  PORTSNQP   3.3331770990020726e+04   3.5210044755739375e-15   8.3296324013525059D-09         45         44         44     15.878      4.834
   PORTSQP   3.3331339856038161e+04   6.8622536249945529e-15   9.7720041513743641D-09         27         23         23      6.704      2.289
  READING2  -1.2578386006971412e-02   6.5392136150421720e-14   0.0000000000000000D+00         18         17         17      0.261      0.030
    SMBANK  -7.1292920000000000e+06   1.0550138540565968e-10   0.0000000000000000D+00         18         17         17      0.055      0.005
    SOSQP1  -1.7634498114364651e-11   5.0100440501800235e-12   1.4432899320127035D-14          8          6          6      0.146      0.027
    SOSQP2  -1.2487008700650008e+03   7.1564976167337591e-13   9.0879959113721043D-09         17         16         16      0.270      0.052
   SPANHYD   2.3973800070475491e+02   4.5474735088646412e-13   1.6411323485954199D-05         27         24         24      0.055      0.004
   STATIC3  -4.8034323274352463e+44   3.8857805861880479e-16   0.0000000000000000D+00        288        287        287      0.456      0.115
    STCQP1   3.6710048466993449e+05   3.9968028886505635e-15   1.9905747716819633D-08         15         14         14     27.807      0.588
    STCQP2   3.7189274277881683e+04   0.0000000000000000e+00   1.9531294803698529D-08         15         14         14      6.714      0.665
  STEENBRA   1.6957674661465448e+04   2.8166027437195746e-13   9.5211250903301874D-09         24         23         23      0.366      0.016
  STEENBRB   9.0758553866051461e+03   6.3762505866310482e-11   0.0000000000000000D+00         65         64         64      2.328      0.058
  STEENBRC   4.3614835026321867e+06   2.2247636241937152e-11   0.0000000000000000D+00         76         70         69      0.803      0.022
  STEENBRD   9.0300817778831206e+03   2.6598145067453476e-13   1.9993723071820568D-05        173        116        116      1.815      0.047
  STEENBRE   2.8514950925830650e+04   3.4052847170658473e-13   0.0000000000000000D+00         88         87         87      2.214      0.036
  STEENBRF   8.9918482311567477e+03   3.0733670465524394e-13   0.0000000000000000D+00         49         48         48      1.596      0.034
  STEENBRG   2.8273420059216704e+04   2.1510884786735440e-12   0.0000000000000000D+00       1407       1393       1393    130.332      1.690
    STNQP1  -3.1170450127990014e+05   3.4416913763379853e-15   1.9991643007699622D-08         19         18         18     50.943      0.716
    STNQP2  -5.7497000779812294e+05   1.1102230246251565e-16   1.9992076882857646D-08         21         20         20     10.221      1.029
  SUPERSIM   6.6666666666666663e-01   2.2204460492503131e-16   0.0000000000000000D+00          2          1          1      0.009      0.000
  SYNPOP24                  1.0d+20                  1.0d+20   0.0000000000000000D+00 1000000000 1000000000 1000000000    1.0d+20    1.0d+20
    TABLE1   3.7063593466508959e+05   1.1641532182693481e-10   6.3339970074594021D-03       3001       3000       3000      5.075      0.398
    TABLE3   4.3642388971638917e+04   9.8197006082045846e-12   9.2288744781399146D-05         27         26         26      7.438      0.163
    TABLE4   4.3642388971638917e+04   9.8197006082045846e-12   9.2288744781399146D-05         27         26         26      7.225      0.159
    TABLE5   4.3642388971638917e+04   9.8197006082045846e-12   9.2288744781399146D-05         27         26         26      7.065      0.152
    TABLE6   3.7060711741985672e+05   3.4197000786662102e-10   6.3339970074594021D-03       1874       1873       1873      4.618      0.257
    TABLE7   5.9577318648456079e+04   5.2864379540551454e-12   1.7951985500985757D-04         24         23         23      0.213      0.016
    TABLE8   1.8957162577931568e+00   3.9551695252271202e-15   9.5967664037743816D-08         17         16         16      0.165      0.013
      TAME   0.0000000000000000e+00   0.0000000000000000e+00   0.0000000000000000D+00          6          5          5      0.009      0.000
    TARGUS   1.0837991234119600e+03   1.3320598366023293e-11   3.4795921237673610D-05         19         18         18      0.060      0.004
  TOYSARAH                  1.0d+20                  1.0d+20                  1.0d+20 1000000000 1000000000 1000000000    1.0d+20    1.0d+20
   TWO5IN6                  1.0d+20                  1.0d+20   9.9000000000000000D+01 1000000000 1000000000 1000000000    1.0d+20    1.0d+20
      TWOD                  1.0d+20                  1.0d+20                  1.0d+20 1000000000 1000000000 1000000000    1.0d+20    1.0d+20
      UBH1   1.1160032615650304e+00   3.8236080968090391e-13   0.0000000000000000D+00          6          5          5      0.166      0.012
     WATER   1.0549379464138412e+04   9.2973189371851744e-11   9.8092230517979593D-09         24         23         23      0.055      0.004
  ZANGWIL3   0.0000000000000000e+00   0.0000000000000000e+00   0.0000000000000000D+00          2          1          1      0.003      0.000
