  Problema               Obj. Funct              Feasibility          Bound Violation         #f         #h       #iit   pre-time   opt-time
  A0ENDNDL   1.2531316564183840D-05   3.0568658796906389D-12   0.0000000000000000D+00          6          5          5       0.30       0.15
  A0ENINDL   1.2531294122905194D-05   1.2194462540808037D-13   0.0000000000000000D+00          6          5          5       0.28       0.18
  A0ENSNDL   1.0062652331169804D-05   5.0093262871087063D-13   0.0000000000000000D+00          7          5          5       0.24       1.60
  A0ESDNDL   1.2531270652527939D-05   9.7983474365215785D-12   0.0000000000000000D+00          6          5          5       0.16       0.16
  A0ESINDL   1.2531282122410715D-05   1.9388966290428653D-12   0.0000000000000000D+00          6          5          5       0.23       0.16
  A0ESSNDL   1.0062652443528077D-05   2.3053559061736451D-11   0.0000000000000000D+00          7          5          5       0.18       3.61
  A0NNDNDL   1.2532078551523287D-05   3.6838786797056410D-12   0.0000000000000000D+00         26         25         25       2.02       1.00
  A0NNDNIL   1.0673386442563203D-01   7.8807793624235956D-13   0.0000000000000000D+00         76         75         75      24.06       3.62
  A0NNDNSL   4.5170000355888018D-06   1.1023958482181406D-10   0.0000000000000000D+00         20         19         19       1.40       1.11
  A0NNSNSL   9.9903495517439623D-06   2.9558577807620168D-12   0.0000000000000000D+00         17         16         16       1.92       0.73
  A0NSDSDL   1.2531912057636983D-05   1.9493098995132780D-12   0.0000000000000000D+00         17         16         16       2.91       0.62
  A0NSDSDS   3.5733325512912074D-07   8.8817841970012523D-13   0.0000000000000000D+00         20         19         19       0.94       0.08
  A0NSDSIL   2.7364730151182911D+01   1.8682555502635978D-12   0.0000000000000000D+00        207        189        189      12.50       9.73
  A0NSDSSL   1.1319183280608829D-05   3.4287572781011022D-10   0.0000000000000000D+00      11992        218        218       4.30      15.68
  A0NSSSSL   9.9897575783862730D-06   3.0113998100711470D-11   0.0000000000000000D+00         20         19         19       2.03       0.83
  A2ENDNDL   1.8360913273586957D-05   9.2370555648813024D-13   0.0000000000000000D+00         14         13         13       0.32       0.34
  A2ENINDL   7.4803841832274846D-06   9.1660012913052924D-13   0.0000000000000000D+00         15         14         14       0.25       0.39
  A2ENSNDL   5.3527472360523613D-06   2.4922286456785514D-11   0.0000000000000000D+00         17         16         16       0.35       2.95
  A2ESDNDL   1.8360913273586957D-05   2.5934809855243657D-13   0.0000000000000000D+00         14         13         13       0.34       0.32
  A2ESINDL   7.3568173946600434D-06   7.6276762683846755D-12   0.0000000000000000D+00         15         14         14       0.20       0.35
  A2ESSNDL   5.4463259530458104D-06   1.0658141036401503D-12   0.0000000000000000D+00         17         16         16       0.51       3.81
  A2NNDNDL   1.8341660108884315D-05   1.5701651675907591D-12   0.0000000000000000D+00         22         21         21       4.69       0.88
  A2NNDNIL   7.0854848361126219D+00   1.1740091494516491D-05   0.0000000000000000D+00        119         95         95      28.93       5.82
  A2NNDNSL   1.1053495235134391D-05   2.1682922124455217D-10   0.0000000000000000D+00         40         32         32       5.75       1.87
  A2NNSNSL   3.8325084786574837D-06   4.4053649617126212D-13   0.0000000000000000D+00         23         22         22       2.32       0.91
  A2NSDSDL   7.2626907744265952D-06   3.1832314562052488D-12   0.0000000000000000D+00         24         23         23       4.12       0.88
  A2NSDSIL   1.2618637291796611D+02   3.6416738993239051D-06   0.0000000000000000D+00        119        108        108      38.76       6.65
  A2NSDSSL   1.1055336144297396D-05   2.6147972675971687D-12   0.0000000000000000D+00         32         30         30       8.94       1.77
  A2NSSSSL   3.8250929438196132D-06   3.0154004293514447D-12   0.0000000000000000D+00         28         27         27       6.86       1.13
  A5ENDNDL   2.7098069634712690D-05   2.8066438062523957D-13   0.0000000000000000D+00         14         13         13       0.65       0.38
  A5ENINDL   3.0482585541800018D-05   2.0605739337042905D-13   0.0000000000000000D+00         14         13         13       0.78       0.33
  A5ENSNDL   1.7318421972705309D-05   1.7301715615758440D-12   0.0000000000000000D+00         16         15         15       0.46       4.08
  A5ESDNDL   2.7099126188689902D-05   6.0751403907488566D-13   0.0000000000000000D+00         14         13         13       0.41       0.36
  A5ESINDL   2.7501702090104953D-05   4.3698378249246161D-13   0.0000000000000000D+00         14         13         13       0.56       0.40
  A5ESSNDL   1.1979685974240803D-05   2.4567015088905464D-11   0.0000000000000000D+00         16         15         15       0.43       3.85
  A5NNDNDL   1.2518408184149507D-05   1.0658141036401503D-13   0.0000000000000000D+00         59         46         46       6.99       2.01
  A5NNDNIL   4.2580280623457831D+00   1.1547556326263475D-05   0.0000000000000000D+00        120        108        108      21.33       6.47
  A5NNDNSL   1.0662728925606023D-05   8.5620399659092072D-13   0.0000000000000000D+00         49         33         33       3.91       2.06
  A5NNSNSL   9.0368076656244604D-06   8.5606188804376870D-11   0.0000000000000000D+00         38         26         26       2.62       1.12
  A5NSDSDL   1.2541584115686389D-05   2.6753315257041948D-11   0.0000000000000000D+00         20         19         19       5.86       0.90
  A5NSDSDM   3.5733325512912074D-07   8.8817841970012523D-13   0.0000000000000000D+00         20         19         19       0.95       0.16
  A5NSDSIL   3.1792035210779210D+00   3.7737334714904591D-06   0.0000000000000000D+00        114        111        111      32.05       6.74
  A5NSDSSL   4.2869545894866917D-06   3.7516656448133290D-12   0.0000000000000000D+00         24         23         23       2.86       1.35
  A5NSSNSM   3.5733325512912074D-07   8.8817841970012523D-13   0.0000000000000000D+00         20         19         19       0.85       0.23
  A5NSSSSL   3.6079489755089547D-06   4.8293619103745300D-11   0.0000000000000000D+00         29         28         28       2.26       1.13
   ARGLALE                  1.0d+20                  1.0d+20                  1.0d+20          0          0          0       0.38       0.00
   ARGLBLE                  1.0d+20                  1.0d+20                  1.0d+20          0          0          0       0.33       0.00
   ARGLCLE                  1.0d+20                  1.0d+20                  1.0d+20          0          0          0       0.33       0.00
  AUG2DCQP   6.4981347394737238D+06   7.8159700933611020D-14   0.0000000000000000D+00         20         19         19       4.45       0.50
    AUG2DC   1.8183680655959204D+06   4.3484904566071236D-10   0.0000000000000000D+00          2          1          1       0.21       0.09
   AUG2DQP   6.2370120255682999D+06   1.9769075265685387D-11   0.0000000000000000D+00         22         21         21       3.43       0.54
     AUG2D   1.6874117529180758D+06   4.3484860157150251D-10   0.0000000000000000D+00          3          2          2       0.17       0.19
  AUG3DCQP   6.1560383668110706D+04   3.5663072495140113D-10   0.0000000000000000D+00         20         19         19       0.71      23.64
    AUG3DC   2.7654071087261120D+04   4.0590908412241333D-10   0.0000000000000000D+00          2          1          1       0.11       1.99
   AUG3DQP   5.4228996395015551D+04   3.5663028086219128D-10   0.0000000000000000D+00         19         18         18       0.72      22.37
     AUG3D   2.4561485969647478D+04   4.0590908412241333D-10   0.0000000000000000D+00          3          2          2       0.14      17.54
    AVION2   9.4680244096762642D+07   5.7980287238024175D-12   0.0000000000000000D+00        672        610        610       0.88       0.92
     BDRY2                  1.0d+20                  1.0d+20                  1.0d+20 1000000000 1000000000 1000000000    1.0d+20    1.0d+20
   BIGBANK  -4.2056932995377174D+06   4.4565240386873484D-11   0.0000000000000000D+00         39         28         28       0.86       0.22
   BLOWEYA  -2.2781095662347536D-02   3.9244699093410183D-10   0.0000000000000000D+00         11         10         10       1.10       0.13
   BLOWEYB  -1.5225708192358255D-02   9.3513752743450770D-10   0.0000000000000000D+00          9          8          8       0.66       0.09
   BLOWEYC  -1.5245749316707838D-02   2.2232688499937763D-10   0.0000000000000000D+00         13         12         12       0.82       0.15
     BOOTH   0.0000000000000000D+00   3.5527136788005009D-15   0.0000000000000000D+00          1          0          0       0.88       0.02
       BT3   4.0930232558139563D+00   1.7763568394002505D-15   0.0000000000000000D+00          2          1          1       0.87       0.02
      BTS4   1.6092110528029287D+04   4.4325978443282565D-09   0.0000000000000000D+00         23         22         22       4.68       6.78
       CBS   8.3761043848831905D+04   2.4726887204451486D-11   0.0000000000000000D+00         27         26         26       0.48       0.29
  CONT5-QP                  1.0d+20                  1.0d+20                  1.0d+20 1000000000 1000000000 1000000000    1.0d+20    1.0d+20
    CVXQP1   1.0870479992585582D+08   4.3884895717383188D-12   0.0000000000000000D+00         19         18         18       1.13      75.96
    CVXQP2   8.1842458277835086D+07   2.3092638912203256D-14   0.0000000000000000D+00         21         20         20       0.11      24.44
    CVXQP3   1.1571110480698225D+08   2.9717561744746490D-10   0.0000000000000000D+00         31         25         25       2.35     245.84
      DALE   3.7023446206272633D+03   1.8218109798517901D-09   0.0000000000000000D+00         17         16         16       0.14       0.74
   DALLASL  -2.0260412724644470D+05   3.3733111304279362D-09   0.0000000000000000D+00         29         28         28       0.98       0.22
   DALLASM  -4.8198188187652566D+04   1.5010215292932116D-13   0.0000000000000000D+00         23         22         22       0.89       0.07
   DALLASS  -3.2393224296984354D+04   2.4459616554395325D-09   0.0000000000000000D+00         28         27         27       0.87       0.04
  DEGENLPA   3.0603918231465781D+00   1.7361375363280575D-10   0.0000000000000000D+00         14         12         12       2.32       0.01
  DEGENLPB  -3.0731246923468490D+01   1.7361375358182496D-10   0.0000000000000000D+00         13         12         12       2.30       0.01
  DEGTRIDL   5.0000018450373318D-01   2.1158484742045403D-07   0.0000000000000000D+00         28         15         15       0.44       1.28
    DTOC1L   3.9430435455080470D+00   1.8041124150158794D-16   0.0000000000000000D+00         10          9          9       0.19       0.07
     DTOC3   2.3521636791686765D+02   3.2954108192262410D-14   0.0000000000000000D+00          2          1          1       0.84       0.04
     DUAL1   3.5012991672373962D-02   8.6532125909144497D-10   0.0000000000000000D+00         20         18         18       0.78       0.08
     DUAL2   3.3733675331387561D-02   8.6736207105531093D-10   0.0000000000000000D+00         17         15         15       0.75       0.04
     DUAL3   1.3575587242139672D-01   7.7715611723760958D-16   0.0000000000000000D+00         22         16         16       0.70       0.07
     DUAL4   7.4609066248166966D-01   9.9920072216264089D-16   0.0000000000000000D+00         17         15         15       0.80       0.04
  EXTRASIM   1.0000000025059035D+00   2.2204460492503131D-16   0.0000000000000000D+00          4          3          3       0.88       0.02
      FCCU   1.1149109141484496D+01   7.1054273576010019D-15   0.0000000000000000D+00          9          8          8       0.89       0.00
  FERRISDC  -2.2990157099098891D-04   9.1593399531575415D-14   0.0000000000000000D+00         50         21         21       0.02      25.88
   FIVE20B   2.7353387208659631D+04   4.0230929698736873D-11   0.0000000000000000D+00         19         18         18      14.28      54.14
   FIVE20C   3.1448477685805694D+04   9.1179934713636612D-09   0.0000000000000000D+00         23         22         22      16.43      83.25
   GENHS28   9.2717369376638359D-01   5.1070259132757201D-15   0.0000000000000000D+00          2          1          1       0.90       0.00
  GOULDQP1  -3.4853332495727959D+03   4.2632564145606011D-14   0.0000000000000000D+00         17         16         16       0.88       0.02
  GOULDQP2   1.8279557479833940D-12   8.8817841970012523D-16   0.0000000000000000D+00          3          2          2       0.09       0.08
  GOULDQP3   3.3169252217640755D-05   1.7763568394002505D-15   0.0000000000000000D+00          7          6          6       0.06       0.23
  GRIDNETA   4.7797954945942962D+02   1.3610805191244246D-10   0.0000000000000000D+00         19         18         18       1.15       0.12
  GRIDNETB   1.2761469458742542D+02   5.8453242246514492D-14   0.0000000000000000D+00          2          1          1       0.42       0.04
  GRIDNETC   1.6187029565048383D+02   8.8620222271629245D-12   0.0000000000000000D+00         29         28         28       0.89       0.28
  GRIDNETD   5.7071190198328100D+02   1.3611017174453011D-10   0.0000000000000000D+00         20         19         19       1.09       0.20
  GRIDNETE   2.0648050916152013D+02   5.8231197641589461D-14   0.0000000000000000D+00          4          3          3       0.23       0.14
  GRIDNETF   2.4354232912252675D+02   8.8564711120397988D-12   0.0000000000000000D+00         35         28         28       0.69       1.16
  GRIDNETG   6.1578420324513525D+02   1.3611095930898820D-10   0.0000000000000000D+00         17         16         16       1.02       0.28
  GRIDNETH   2.0648050916155529D+02   5.8564264548977008D-14   0.0000000000000000D+00          6          4          4       0.32       0.10
  GRIDNETI   2.4354232913573040D+02   8.8611340487432244D-12   0.0000000000000000D+00         35         28         28       0.70       0.60
    HAGER1   8.8079708077673102D-01   2.4797941478027496D-12   0.0000000000000000D+00          2          1          1       0.55       0.03
    HAGER2   4.3208225680433060D-01   2.3452351172181807D-12   0.0000000000000000D+00          2          1          1       0.42       0.02
    HAGER3   1.4096125277739466D-01   2.3065993559612252D-12   0.0000000000000000D+00          2          1          1       0.34       0.05
    HAGER4   2.7940853124254370D+00   1.4863488217997656D-10   0.0000000000000000D+00         12         11         11       8.53       0.13
  HIE1327D   5.1893806743341088D+02   1.0639169545356708D-09   0.0000000000000000D+00         21         20         20       0.87       0.17
  HIE1372D   2.7798711570605406D+02   1.4566126083082054D-13   0.0000000000000000D+00         20         19         19       0.87       0.14
  HIER133A   1.0287147274287604D+03   3.6521896618069150D-10   0.0000000000000000D+00         19         18         18       0.90       0.33
  HIER133B   1.0287147274287604D+03   3.6521896618069150D-10   0.0000000000000000D+00         19         18         18       0.79       0.31
  HIER133C   1.0287147274287604D+03   3.6521896618069150D-10   0.0000000000000000D+00         19         18         18       0.89       0.31
  HIER133D   4.1148589074217807D+03   3.6948222259525210D-13   0.0000000000000000D+00         19         18         18       0.90       0.32
  HIER133E   4.1148589074250249D+03   2.1849508868854173D-09   0.0000000000000000D+00         19         18         18       0.86       0.33
    HIER13   1.0333396312467364D+03   2.7088482568160543D-09   0.0000000000000000D+00         11         10         10       1.24       0.86
  HIER163A   1.5346887856410185D+03   2.8162361331851571D-10   0.0000000000000000D+00         21         20         20       1.30      21.35
  HIER163B   1.5346887856410185D+03   2.8162361331851571D-10   0.0000000000000000D+00         21         20         20       1.07      21.47
  HIER163C   1.5346887856410185D+03   2.8162361331851571D-10   0.0000000000000000D+00         21         20         20       1.08      21.51
  HIER163D   6.1387551416058832D+03   1.1118714837721200D-09   0.0000000000000000D+00         20         19         19       1.00      20.40
  HIER163E   6.1387551416058832D+03   1.1118714837721200D-09   0.0000000000000000D+00         20         19         19       1.13      20.49
    HIER16                  1.0d+20                  1.0d+20                  1.0d+20 1000000000 1000000000 1000000000    1.0d+20    1.0d+20
  HIMMELBA   0.0000000000000000D+00   0.0000000000000000D+00   0.0000000000000000D+00          1          0          0       0.68       0.00
  HIMMELBJ  -1.9103447353676606D+03   3.0000029999999690D-06   0.0000000000000000D+00       6570        227        227       0.91       0.50
      HONG   2.2571087363489056D+01   2.2204460492503131D-16   0.0000000000000000D+00          8          7          7       0.87       0.03
     HS112  -4.7761090859365851D+01   4.4408920985006262D-16   0.0000000000000000D+00         18         17         17       0.89       0.01
     HS119   2.4489969761766983D+02   5.7731597280508140D-15   0.0000000000000000D+00         12         11         11       0.87       0.02
      HS28   4.9303806576313238D-32   6.6613381477509392D-16   0.0000000000000000D+00          2          1          1       0.78       0.11
      HS41   1.9259259284038879D+00   0.0000000000000000D+00   0.0000000000000000D+00          7          6          6       0.89       0.00
      HS48   0.0000000000000000D+00   0.0000000000000000D+00   0.0000000000000000D+00          2          1          1       0.89       0.00
      HS49   1.0599961237149708D-11   0.0000000000000000D+00   0.0000000000000000D+00         20         19         19       0.78       0.13
      HS50   4.4373425918681914D-31   4.4408920985006262D-15   0.0000000000000000D+00         10          9          9       0.79       0.11
      HS51   0.0000000000000000D+00   0.0000000000000000D+00   0.0000000000000000D+00          2          1          1       0.78       0.12
      HS52   5.3266475644699218D+00   1.7763568394002505D-15   0.0000000000000000D+00          2          1          1       0.87       0.02
      HS53   4.0930232558139554D+00   7.7715611723760958D-16   0.0000000000000000D+00          9          7          7       0.86       0.03
      HS54  -9.0807475748577937D-01   0.0000000000000000D+00   0.0000000000000000D+00         13         11         11       0.85       0.05
      HS55   6.6666666716303533D+00   8.8817841970012523D-16   0.0000000000000000D+00          7          6          6       0.89       0.01
      HS62  -2.6272514647971588D+04   1.1102230246251565D-16   0.0000000000000000D+00          9          7          7       0.78       0.12
       HS9  -4.9999999999999284D-01   2.2737367544323206D-13   0.0000000000000000D+00          5          3          3       0.78       0.11
  HUES-MOD   3.4824489819739953D+07   1.1368683772161603D-12   0.0000000000000000D+00         15         14         14       0.42       0.20
   HUESTIS   1.7412244909869653D+11   5.2295945351943374D-12   0.0000000000000000D+00       6705        215        215       0.61       3.15
  JJTABEL3   5.2452323984966300D+07   6.7375367507338524D-09   0.0000000000000000D+00         59         58         58       1.31       0.38
   LINCONT                  1.0d+20                  1.0d+20                  1.0d+20          0          0          0       0.67       0.00
       LIN  -1.7577543176252014D-02   1.0000889005823410D-12   0.0000000000000000D+00          9          8          8       0.87       0.02
  LINSPANH  -7.7000000000000000D+01   3.7303493627405260D-13   0.0000000000000000D+00         11         10         10       0.88       0.02
   LOTSCHD   2.3984158385443197D+03   7.4606987254810520D-14   0.0000000000000000D+00         10          9          9       0.89       0.01
  LSNNODOC   1.2311244898437957D+02   1.7763568394002505D-15   0.0000000000000000D+00         12         10         10       0.89       0.01
      NASH                  1.0d+20                  1.0d+20                  1.0d+20          0          0          0       0.40       0.00
   NCVXQP1                  1.0d+20                  1.0d+20                  1.0d+20 1000000000 1000000000 1000000000    1.0d+20    1.0d+20
   NCVXQP2                  1.0d+20                  1.0d+20                  1.0d+20 1000000000 1000000000 1000000000    1.0d+20    1.0d+20
   NCVXQP3                  1.0d+20                  1.0d+20                  1.0d+20 1000000000 1000000000 1000000000    1.0d+20    1.0d+20
   NCVXQP4  -9.3843195058205681D+09   2.5757174171303632D-14   0.0000000000000000D+00        206        201        201       0.04     491.24
   NCVXQP5                  1.0d+20                  1.0d+20                  1.0d+20 1000000000 1000000000 1000000000    1.0d+20    1.0d+20
   NCVXQP6                  1.0d+20                  1.0d+20                  1.0d+20 1000000000 1000000000 1000000000    1.0d+20    1.0d+20
   NCVXQP7                  1.0d+20                  1.0d+20                  1.0d+20 1000000000 1000000000 1000000000    1.0d+20    1.0d+20
   NCVXQP8                  1.0d+20                  1.0d+20                  1.0d+20 1000000000 1000000000 1000000000    1.0d+20    1.0d+20
   NCVXQP9                  1.0d+20                  1.0d+20                  1.0d+20 1000000000 1000000000 1000000000    1.0d+20    1.0d+20
    NINE12   7.8674911498941383D+03   1.1492673479551740D-09   0.0000000000000000D+00         17         16         16       1.74      22.27
    NINE5D   1.0054532673866561D+04   7.1358385866915341D-10   0.0000000000000000D+00         14         13         13       2.75      15.34
   NINENEW   5.9074217293585116D+03   1.0061285138363019D-10   0.0000000000000000D+00         22         21         21       2.30      25.81
    ODFITS  -2.3800267754030824D+03   3.6948222259525210D-13   0.0000000000000000D+00         10          8          8       0.89       0.00
    OSORIO   2.0419697317044578D+00   1.4093254167846236D-10   0.0000000000000000D+00         18         17         17       0.41       0.30
   PORTFL1   2.0486289768641468D-02   3.9999981105154347D-10   0.0000000000000000D+00         10          9          9       0.85       0.01
   PORTFL2   2.9689265603201738D-02   3.9999992207384594D-10   0.0000000000000000D+00          9          8          8       0.86       0.00
   PORTFL3   3.2749715337450136D-02   4.0000003309614840D-10   0.0000000000000000D+00         11         10         10       0.83       0.02
   PORTFL4   2.6306956933265860D-02   3.9999992207384594D-10   0.0000000000000000D+00         10          9          9       0.87       0.01
   PORTFL6   2.5791814420214280D-02   4.0000003309614840D-10   0.0000000000000000D+00          9          8          8       0.86       0.01
  PORTSNQP   3.3331771738120973D+04   5.3068660577082483D-14   0.0000000000000000D+00         38         37         37       0.64      12.58
   PORTSQP   3.3331341852468184D+04   2.2204460492503131D-16   0.0000000000000000D+00         24         11         11       0.27       0.66
  READING2  -1.2580980418244063D-02   1.9463272817434388D-13   0.0000000000000000D+00         48         21         21       0.49       0.21
    SMBANK  -7.1292920000000000D+06   1.3460521586239338D-10   0.0000000000000000D+00         17         16         16       0.87       0.03
    SOSQP1   0.0000000000000000D+00   0.0000000000000000D+00   0.0000000000000000D+00          1          0          0       0.56       0.00
    SOSQP2                  1.0d+20                  1.0d+20                  1.0d+20          0          0          0       9.50       0.00
   SPANHYD   2.3973800070475491D+02   7.6028072726330720D-13   0.0000000000000000D+00         18         17         17       0.88       0.03
   STATIC3  -4.8512886390366315D+44   9.6148783379490510D-14   0.0000000000000000D+00        200        199        199       0.82       0.78
    STCQP1   3.6710048489337607D+05   0.0000000000000000D+00   0.0000000000000000D+00         14         13         13       0.03       0.09
    STCQP2   3.7189274291078749D+04   0.0000000000000000D+00   0.0000000000000000D+00         14         13         13       0.04       0.14
  STEENBRA   1.6957674665332346D+04   1.5517780837392670D-09   0.0000000000000000D+00         16         15         15       0.87       0.20
  STEENBRB   1.1355785077163921D+04   4.6029233202737885D-10   0.0000000000000000D+00        121         80         80       0.86       0.66
  STEENBRC   3.4176864838098816D+04   1.3473597237911861D-11   0.0000000000000000D+00        199        144        144       0.86       0.88
  STEENBRD   1.1986370475815385D+04   5.7411853049416095D-12   0.0000000000000000D+00        325        138        138       0.86       0.99
  STEENBRE   3.6418517760109658D+04   6.8780536821577698D-11   0.0000000000000000D+00      20520        481        481       0.86       2.61
  STEENBRF   1.1999065763068978D+04   4.6085735228018621D-10   0.0000000000000000D+00        130         83         83       0.86       0.41
  STEENBRG   3.6780856036707271D+04   1.6614459807939852D-11   0.0000000000000000D+00        221        142        142       0.86       0.90
    STNQP1  -3.1170449998400314D+05   0.0000000000000000D+00   0.0000000000000000D+00         15         14         14       0.04       0.28
    STNQP2  -5.7496999997981591D+05   0.0000000000000000D+00   0.0000000000000000D+00         17         16         16       0.04       0.22
  SUPERSIM   6.6666666666666674D-01   0.0000000000000000D+00   0.0000000000000000D+00          1          4          4       0.89       0.00
  SYNPOP24                  1.0d+20                  1.0d+20                  1.0d+20          0          0          0       0.01       0.00
    TABLE1   3.7060711927189567D+05   4.8021320253610611D-10   0.0000000000000000D+00         22         21         21       0.85       0.19
    TABLE3   4.3642389845721671D+04   1.1027623258996755D-11   0.0000000000000000D+00         28         27         27       1.01      24.46
    TABLE4   4.3642389845721671D+04   1.1027623258996755D-11   0.0000000000000000D+00         28         27         27       1.10      24.98
    TABLE5   4.3642389845721671D+04   1.1027623258996755D-11   0.0000000000000000D+00         28         27         27       1.04      24.71
    TABLE6   3.7060711927189591D+05   5.2386894822120667D-10   0.0000000000000000D+00         22         21         21       0.84       0.19
    TABLE7   5.9577319840719407D+04   6.1390892369672656D-12   0.0000000000000000D+00         23         22         22       0.87       0.05
    TABLE8   1.8957163024522807D+00   4.4964032497318840D-15   0.0000000000000000D+00         16         15         15       0.81       0.12
      TAME   0.0000000000000000D+00   0.0000000000000000D+00   0.0000000000000000D+00          1          4          4       0.89       0.00
    TARGUS   1.0837991451233061D+03   7.8090572203093345D-13   0.0000000000000000D+00         18         17         17       0.87       0.03
  TOYSARAH   5.6980975202438574D+09   8.7839674289894032D-05   0.0000000000000000D+00        126        115        115       5.55       1.04
   TWO5IN6   4.5930799891253182D+03   1.9714150312211132D-09   0.0000000000000000D+00         14         13         13       0.82       3.30
      TWOD                  1.0d+20                  1.0d+20                  1.0d+20 1000000000 1000000000 1000000000    1.0d+20    1.0d+20
      UBH1   1.1160032616859541D+00   7.9090037644058420D-10   0.0000000000000000D+00          8          7          7      10.88       0.10
     WATER   1.0549379465988026D+04   2.2737367544323206D-13   0.0000000000000000D+00         14         13         13       0.89       0.02
  ZANGWIL3   0.0000000000000000D+00   5.3290705182007514D-14   0.0000000000000000D+00          1          0          0       0.89       0.00
